-0.066649,0.148662,0.060159
-0.066664,0.148703,0.060159
-0.066764,0.148844,0.060159
-0.079471,0.159234,0.061053
-0.125849,0.147498,0.060151
-0.137502,0.106790,0.060161
-0.111949,0.077579,0.060156
-0.077376,0.078921,0.060177
-0.057804,0.098237,0.060169
-0.054274,0.126553,0.060162
-0.068331,0.149578,0.060159
-0.091230,0.159616,0.060159
-0.114262,0.155812,0.060153
-0.130895,0.141631,0.060166
-0.138223,0.122732,0.060170
-0.136081,0.103346,0.060151
-0.125562,0.086480,0.060150
-0.109738,0.076576,0.060157
-0.093047,0.074576,0.060169
-0.078003,0.078350,0.060177
-0.063026,0.088227,0.060714
-0.054253,0.126834,0.060162
-0.074711,0.153433,0.060160
-0.103228,0.158894,0.060155
-0.127159,0.146549,0.060150
-0.138272,0.123721,0.060170
-0.135001,0.099696,0.060150
-0.119627,0.081761,0.060153
-0.099175,0.074816,0.060165
-0.080214,0.078151,0.060176
-0.063031,0.088665,0.060586
-0.054800,0.117582,0.060164
-0.063050,0.142085,0.060160
-0.080096,0.156963,0.060160
-0.119814,0.152722,0.060152
-0.138335,0.111474,0.060168
-0.113831,0.078365,0.060155
-0.077032,0.078918,0.060177
-0.055206,0.103850,0.060168
-0.056524,0.133669,0.060161
-0.074572,0.154256,0.060159
-0.099394,0.159903,0.060156
-0.121806,0.151124,0.060151
-0.135662,0.133183,0.060167
-0.138380,0.111805,0.060169
-0.130231,0.091624,0.060149
-0.114224,0.078527,0.060155
-0.095517,0.074366,0.060167
-0.078297,0.078404,0.060176
-0.064809,0.088284,0.060173
-0.056048,0.101991,0.060168
-0.053260,0.117773,0.060164
-0.060963,0.140733,0.060160
-0.083745,0.158143,0.060160
-0.107463,0.158160,0.060154
-0.132886,0.138792,0.060164
-0.135195,0.100178,0.060150
-0.109463,0.076446,0.060158
-0.078707,0.078355,0.060176
-0.058208,0.097236,0.060170
-0.053701,0.123050,0.060163
-0.064582,0.145547,0.060159
-0.084285,0.158119,0.060161
-0.105966,0.158740,0.060155
-0.124036,0.149493,0.060151
-0.135367,0.133796,0.060167
-0.138970,0.115700,0.060173
-0.132760,0.094557,0.060255
-0.092287,0.074568,0.060170
-0.060392,0.093761,0.060171
-0.053885,0.123651,0.060163
-0.067521,0.147518,0.060160
-0.088994,0.158701,0.060160
-0.111393,0.157096,0.060153
-0.130523,0.142011,0.060165
-0.138667,0.121046,0.060171
-0.134997,0.099522,0.060150
-0.121221,0.082774,0.060152
-0.102770,0.075405,0.060162
-0.084866,0.075964,0.060175
-0.070048,0.083045,0.060176
-0.054967,0.104335,0.060167
-0.056661,0.133747,0.060161
-0.073005,0.153158,0.060159
-0.095500,0.159931,0.060158
-0.119212,0.152954,0.060150
-0.136299,0.127879,0.060169
-0.128231,0.088928,0.060150
-0.100132,0.074638,0.060164
-0.069155,0.083847,0.060175
-0.054160,0.108791,0.060166
-0.058031,0.136596,0.060160
-0.076012,0.155024,0.060160
-0.099285,0.159911,0.060156
-0.120082,0.152620,0.060151
-0.133685,0.137083,0.060167
-0.138883,0.118374,0.060172
-0.135000,0.099534,0.060150
-0.123226,0.084643,0.060151
-0.101052,0.074989,0.060164
-0.075327,0.080030,0.060177
-0.058165,0.097311,0.060170
-0.053478,0.120762,0.060163
-0.063887,0.144591,0.060160
-0.083812,0.157889,0.060160
-0.105709,0.159865,0.060621
-0.133735,0.137462,0.060166
-0.135773,0.101447,0.060150
-0.112486,0.077712,0.060156
-0.082987,0.076628,0.060175
-0.063596,0.089889,0.060173
-0.053968,0.109800,0.060166
-0.055725,0.131277,0.060161
-0.067323,0.147864,0.060160
-0.083432,0.157811,0.060160
-0.101122,0.159615,0.060156
-0.117482,0.154210,0.060152
-0.129800,0.143397,0.060161
-0.138886,0.118984,0.060172
-0.129209,0.090145,0.060150
-0.109446,0.076341,0.060158
-0.084240,0.076231,0.060175
-0.065165,0.088343,0.060173
-0.054575,0.106757,0.060167
-0.054595,0.127545,0.060162
-0.064275,0.144783,0.060160
-0.078831,0.156225,0.060160
-0.095969,0.160566,0.060453
-0.122772,0.150381,0.060151
-0.137014,0.129953,0.060168
-0.138167,0.110144,0.060167
-0.128742,0.089448,0.060150
-0.111075,0.077077,0.060157
-0.091591,0.074679,0.060171
-0.067386,0.084998,0.060174
-0.054579,0.106741,0.060167
-0.055865,0.128312,0.060162
-0.064153,0.145448,0.060159
-0.091087,0.158324,0.060159
-0.127567,0.146178,0.060150
-0.138775,0.113559,0.060174
-0.127347,0.087755,0.060150
-0.100011,0.074944,0.060164
-0.073652,0.080640,0.060177
-0.057340,0.099172,0.060169
-0.053689,0.122564,0.060163
-0.060479,0.141306,0.060160
-0.076520,0.155227,0.060160
-0.095773,0.159356,0.060158
-0.113520,0.155570,0.060153
-0.127427,0.146151,0.060150
-0.135816,0.132717,0.060167
-0.138973,0.117968,0.060172
-0.136184,0.103505,0.060151
-0.129135,0.089881,0.060149
-0.118017,0.080330,0.060163
-0.094666,0.074328,0.060168
-0.073292,0.080944,0.060177
-0.059357,0.095409,0.060170
-0.054980,0.125598,0.060162
-0.069758,0.150733,0.060159
-0.093580,0.159756,0.060158
-0.116798,0.154632,0.060152
-0.132994,0.139005,0.060166
-0.138964,0.118699,0.060172
-0.134715,0.098553,0.060150
-0.121681,0.083217,0.060152
-0.107213,0.075856,0.060159
-0.089730,0.073969,0.060546
-0.064194,0.092409,0.060172
-0.054006,0.124473,0.060162
-0.068421,0.149251,0.060159
-0.092779,0.159627,0.060158
-0.116367,0.154885,0.060152
-0.132581,0.139297,0.060167
-0.138340,0.122693,0.060170
-0.136382,0.103271,0.060150
-0.126013,0.086541,0.060150
-0.110307,0.076649,0.060157
-0.093487,0.074441,0.060169
-0.080755,0.077739,0.060176
-0.062281,0.091083,0.060172
-0.053571,0.114324,0.060165
-0.058856,0.137954,0.060160
-0.074346,0.153944,0.060159
-0.094325,0.159775,0.060158
-0.116615,0.154419,0.060152
-0.134486,0.136438,0.060167
-0.138994,0.114761,0.060173
-0.132641,0.094356,0.060204
-0.121027,0.078039,0.061567
-0.085704,0.076251,0.060175
-0.057351,0.099327,0.060169
-0.054949,0.128376,0.060162
-0.074276,0.153549,0.060159
-0.101040,0.159540,0.060156
-0.121270,0.151724,0.060151
-0.135644,0.133395,0.060167
-0.139036,0.115409,0.060173
-0.133144,0.095393,0.060149
-0.119141,0.081013,0.060153
-0.101581,0.075109,0.060163
-0.084766,0.076017,0.060175
-0.070626,0.082618,0.060176
-0.061623,0.093529,0.060171
-0.055573,0.105309,0.060163
-0.056219,0.130693,0.060161
-0.076087,0.154578,0.060160
-0.103835,0.159136,0.060155
-0.127284,0.146607,0.060150
-0.138495,0.124130,0.060170
-0.135579,0.100373,0.060150
-0.121259,0.082389,0.060152
-0.101375,0.075147,0.060164
-0.082367,0.077096,0.060176
-0.067543,0.086086,0.060174
-0.057591,0.099099,0.060168
-0.051902,0.115460,0.060828
-0.062986,0.143244,0.060160
-0.084916,0.157801,0.060161
-0.107604,0.158405,0.060154
-0.126324,0.147499,0.060150
-0.137036,0.130315,0.060168
-0.138926,0.110280,0.060245
-0.121849,0.082823,0.060152
-0.088213,0.074964,0.060174
-0.063199,0.091339,0.060172
-0.053589,0.117002,0.060164
-0.061650,0.142197,0.060160
-0.080838,0.156831,0.060160
-0.102955,0.159287,0.060156
-0.122403,0.150830,0.060151
-0.135042,0.135371,0.060167
-0.138290,0.112098,0.060167
-0.124185,0.087192,0.060152
-0.102320,0.074775,0.060163
-0.080338,0.075988,0.060811
-0.055217,0.105045,0.060167
-0.059287,0.138521,0.060160
-0.082792,0.157605,0.060160
-0.110941,0.157350,0.060153
-0.132030,0.140752,0.060166
-0.139232,0.116189,0.060173
-0.131320,0.092529,0.060149
-0.113003,0.077767,0.060156
-0.092208,0.074561,0.060170
-0.074242,0.080767,0.060177
-0.059496,0.094700,0.060356
-0.058076,0.135990,0.060160
-0.084055,0.157783,0.060160
-0.114755,0.155650,0.060153
-0.135279,0.134947,0.060167
-0.138226,0.107951,0.060166
-0.124809,0.085369,0.060151
-0.102972,0.075283,0.060163
-0.081432,0.077478,0.060176
-0.064498,0.088666,0.060173
-0.054997,0.106250,0.060167
-0.055153,0.125448,0.060162
-0.063266,0.144874,0.060186
-0.107216,0.158123,0.060154
-0.134266,0.135306,0.060167
-0.137795,0.106070,0.060151
-0.122000,0.082950,0.060152
-0.097842,0.074605,0.060166
-0.075480,0.079980,0.060177
-0.060657,0.094884,0.060171
-0.054083,0.113226,0.060165
-0.056272,0.131615,0.060161
-0.065998,0.146616,0.060159
-0.091668,0.159554,0.060159
-0.124835,0.149022,0.060151
-0.139146,0.120518,0.060171
-0.130892,0.091785,0.060150
-0.108209,0.075890,0.060159
-0.083407,0.076707,0.060175
-0.065622,0.089239,0.060173
-0.054977,0.106608,0.060167
-0.054756,0.126001,0.060162
-0.063826,0.145098,0.060159
-0.089691,0.159295,0.060159
-0.116783,0.154784,0.060152
-0.134871,0.136165,0.060167
-0.138982,0.112451,0.060169
-0.122025,0.087178,0.060154
-0.091471,0.074429,0.060171
-0.068457,0.084611,0.060175
-0.055751,0.104222,0.060168
-0.055285,0.126600,0.060162
-0.063959,0.145149,0.060159
-0.095543,0.159905,0.060158
-0.128001,0.146025,0.060150
-0.139317,0.117504,0.060172
-0.129415,0.089833,0.060150
-0.106074,0.075616,0.060160
-0.081979,0.077346,0.060176
-0.064524,0.089710,0.060173
-0.054783,0.107596,0.060167
-0.055162,0.127851,0.060161
-0.063779,0.145145,0.060159
-0.097457,0.159899,0.060157
-0.131627,0.141427,0.060164
-0.137790,0.105992,0.060151
-0.117198,0.079584,0.060154
-0.087577,0.075008,0.060174
-0.066069,0.088797,0.060173
-0.054431,0.109545,0.060166
-0.056925,0.132145,0.060161
-0.068873,0.148658,0.060160
-0.085214,0.158338,0.060161
-0.102773,0.159012,0.060156
-0.118717,0.153682,0.060152
-0.133312,0.138283,0.060167
-0.137717,0.105855,0.060151
-0.120829,0.081872,0.060151
-0.094797,0.074282,0.060168
-0.071413,0.081856,0.060176
-0.059240,0.099520,0.060169
-0.052838,0.119554,0.060384
-0.067504,0.148859,0.060159
-0.093305,0.159499,0.060158
-0.117306,0.154124,0.060152
-0.133788,0.138151,0.060167
-0.136845,0.108035,0.060153
-0.109329,0.076048,0.060158
-0.074669,0.080222,0.060177
-0.056331,0.104786,0.060167
-0.057232,0.131597,0.060161
-0.071231,0.148526,0.060160
-0.088998,0.159261,0.060160
-0.108198,0.158245,0.060154
-0.124375,0.149110,0.060151
-0.135303,0.135037,0.060167
-0.138581,0.111608,0.060168
-0.116548,0.079230,0.060154
-0.082791,0.076883,0.060175
-0.059315,0.095819,0.060170
-0.054256,0.123676,0.060162
-0.067067,0.147461,0.060159
-0.089377,0.159264,0.060160
-0.112764,0.156573,0.060153
-0.130586,0.142786,0.060163
-0.138801,0.123305,0.060170
-0.136773,0.103069,0.060151
-0.125613,0.085889,0.060151
-0.106317,0.075123,0.060281
-0.063601,0.089773,0.060173
-0.055966,0.130503,0.060161
-0.082718,0.157300,0.060160
-0.116544,0.154878,0.060152
-0.136926,0.131166,0.060168
-0.136325,0.101838,0.060150
-0.118481,0.080360,0.060153
-0.093731,0.074392,0.060169
-0.073300,0.081120,0.060177
-0.059649,0.095770,0.060170
-0.054350,0.113269,0.060165
-0.056169,0.130578,0.060161
-0.064605,0.144669,0.060160
-0.076593,0.154918,0.060159
-0.091082,0.159318,0.060159
-0.113575,0.156172,0.060153
-0.133392,0.137049,0.060167
-0.134930,0.107999,0.060154
-0.124090,0.084855,0.060151
-0.104990,0.075417,0.060161
-0.077883,0.080040,0.060176
-0.059194,0.096491,0.060170
-0.053979,0.121958,0.060163
-0.064967,0.145839,0.060159
-0.086261,0.159135,0.060371
-0.123223,0.150088,0.060151
-0.139263,0.119962,0.060171
-0.128967,0.089096,0.060150
-0.102399,0.075034,0.060163
-0.076100,0.079697,0.060177
-0.058745,0.097000,0.060170
-0.054052,0.119902,0.060163
-0.060626,0.140752,0.060160
-0.075417,0.154268,0.060159
-0.093666,0.159655,0.060158
-0.112883,0.157528,0.060591
-0.136942,0.130917,0.060168
-0.135224,0.098761,0.060150
-0.113449,0.077794,0.060156
-0.086231,0.075422,0.060175
-0.065818,0.088436,0.060173
-0.054575,0.108272,0.060166
-0.055856,0.129206,0.060161
-0.065266,0.145766,0.060159
-0.087348,0.158701,0.060160
-0.122332,0.150298,0.060151
-0.139403,0.115412,0.060173
-0.123490,0.083864,0.060151
-0.092327,0.074504,0.060170
-0.066182,0.087010,0.060174
-0.054335,0.110740,0.060166
-0.058021,0.135369,0.060160
-0.072969,0.152638,0.060159
-0.092883,0.159136,0.060159
-0.112332,0.156786,0.060153
-0.127882,0.146322,0.060150
-0.136834,0.131355,0.060166
-0.139750,0.113619,0.060395
-0.122639,0.083621,0.060152
-0.084324,0.076277,0.060175
-0.058590,0.097470,0.060170
-0.055362,0.128368,0.060162
-0.073120,0.151018,0.060160
-0.097957,0.159805,0.060157
-0.121939,0.151387,0.060151
-0.136322,0.132595,0.060167
-0.138764,0.110721,0.060168
-0.129998,0.090373,0.060150
-0.113469,0.077763,0.060156
-0.094924,0.074239,0.060168
-0.078713,0.078885,0.060176
-0.059604,0.095520,0.060170
-0.054083,0.121084,0.060163
-0.068188,0.148342,0.060159
-0.106753,0.158632,0.060155
-0.135052,0.136006,0.060167
-0.136618,0.102012,0.060150
-0.114527,0.078193,0.060155
-0.084850,0.075901,0.060175
-0.062919,0.091405,0.060172
-0.054026,0.114563,0.060165
-0.059140,0.137566,0.060160
-0.074250,0.153459,0.060159
-0.093834,0.159640,0.060158
-0.113416,0.156254,0.060153
-0.129014,0.145031,0.060150
-0.137520,0.129406,0.060168
-0.139261,0.113032,0.060170
-0.125300,0.086233,0.060151
-0.083270,0.076604,0.060175
-0.056502,0.102356,0.060168
-0.058628,0.136416,0.060160
-0.081775,0.156359,0.060160
-0.108273,0.158170,0.060154
-0.129116,0.144942,0.060150
-0.138800,0.124086,0.060170
-0.136850,0.102813,0.060151
-0.124975,0.085274,0.060151
-0.107757,0.075726,0.060159
-0.089863,0.074799,0.060173
-0.074514,0.080329,0.060175
-0.059600,0.096219,0.060170
-0.055666,0.128938,0.060161
-0.073935,0.153013,0.060159
-0.099809,0.159353,0.060156
-0.121982,0.151475,0.060151
-0.135707,0.134464,0.060167
-0.140399,0.114119,0.060608
-0.126549,0.087299,0.060151
-0.105679,0.075230,0.060160
-0.072116,0.081906,0.060176
-0.054165,0.113363,0.060165
-0.065602,0.145393,0.060159
-0.093178,0.159548,0.060158
-0.121362,0.152001,0.060151
-0.137720,0.129560,0.060168
-0.137374,0.103422,0.060151
-0.122327,0.082824,0.060152
-0.100477,0.074827,0.060165
-0.079524,0.077869,0.060176
-0.063909,0.090242,0.060172
-0.055139,0.107332,0.060166
-0.055395,0.126002,0.060162
-0.064676,0.145183,0.060159
-0.099285,0.157682,0.060157
-0.126435,0.146920,0.060151
-0.138812,0.124852,0.060169
-0.136710,0.101703,0.060150
-0.123056,0.083473,0.060152
-0.103832,0.074902,0.060162
-0.078592,0.079079,0.060176
-0.055035,0.108009,0.060166
-0.061668,0.141593,0.060160
-0.087224,0.156867,0.060161
-0.113479,0.155888,0.060153
-0.131786,0.141398,0.060166
-0.139367,0.121083,0.060171
-0.136178,0.100311,0.060150
-0.123486,0.083879,0.060151
-0.106386,0.075207,0.060160
-0.073091,0.081398,0.060177
-0.055637,0.107199,0.060167
-0.057880,0.134517,0.060161
-0.074661,0.153565,0.060159
-0.097188,0.159277,0.060157
-0.116383,0.152530,0.060153
-0.134123,0.137985,0.060167
-0.139029,0.110451,0.060168
-0.128038,0.087483,0.060150
-0.106849,0.074954,0.060328
-0.073255,0.081227,0.060177
-0.055715,0.105341,0.060167
-0.057366,0.133392,0.060161
-0.074004,0.152795,0.060159
-0.096335,0.159763,0.060158
-0.117882,0.154243,0.060152
-0.133853,0.140273,0.060581
-0.135832,0.099490,0.060150
-0.108661,0.075746,0.060159
-0.076960,0.079420,0.060177
-0.057301,0.100771,0.060169
-0.055808,0.128806,0.060161
-0.070757,0.150567,0.060159
-0.093139,0.159040,0.060159
-0.115048,0.155586,0.060153
-0.131295,0.142229,0.060165
-0.139036,0.123867,0.060170
-0.137633,0.104772,0.060151
-0.127947,0.087359,0.060150
-0.106802,0.074995,0.060297
-0.073829,0.080903,0.060177
-0.056188,0.104023,0.060168
-0.056842,0.131786,0.060161
-0.072858,0.152244,0.060159
-0.095798,0.159537,0.060158
-0.117564,0.154448,0.060152
-0.133802,0.139590,0.060372
-0.137904,0.104838,0.060151
-0.118409,0.079906,0.060154
-0.089870,0.074703,0.060173
-0.067539,0.086773,0.060174
-0.055384,0.106610,0.060167
-0.056026,0.129296,0.060161
-0.067825,0.147024,0.060160
-0.086171,0.159285,0.060571
-0.125185,0.149140,0.060151
-0.139787,0.117265,0.060172
-0.127283,0.086794,0.060150
-0.099985,0.074569,0.060165
-0.074109,0.080732,0.060176
-0.057807,0.098789,0.060169
-0.054041,0.119976,0.060163
-0.059572,0.137784,0.060160
-0.071281,0.150112,0.060159
-0.086747,0.158973,0.060342
-0.123846,0.149195,0.060151
-0.139726,0.116567,0.060173
-0.127464,0.086939,0.060150
-0.101303,0.074822,0.060164
-0.075972,0.079593,0.060177
-0.059306,0.096704,0.060170
-0.054143,0.117096,0.060164
-0.059019,0.136638,0.060160
-0.071625,0.150492,0.060160
-0.087040,0.158771,0.060195
-0.119780,0.153247,0.060152
-0.138275,0.128248,0.060168
-0.136149,0.099972,0.060150
-0.118006,0.079632,0.060154
-0.093753,0.074310,0.060170
-0.072523,0.081870,0.060176
-0.058683,0.097919,0.060169
-0.054193,0.120551,0.060163
-0.068364,0.147932,0.060159
-0.093726,0.159388,0.060158
-0.117981,0.153507,0.060152
-0.134246,0.138033,0.060166
-0.138534,0.111321,0.060166
-0.112193,0.076998,0.060157
-0.076621,0.079313,0.060177
-0.056761,0.103592,0.060168
-0.056555,0.130751,0.060161
-0.071330,0.150822,0.060159
-0.092893,0.159418,0.060159
-0.114528,0.155676,0.060153
-0.130399,0.143212,0.060158
-0.138682,0.126308,0.060169
-0.138790,0.108379,0.060166
-0.127573,0.087833,0.060150
-0.098822,0.074166,0.060165
-0.071450,0.082580,0.060176
-0.056449,0.103679,0.060168
-0.055482,0.127057,0.060162
-0.066328,0.146005,0.060159
-0.093199,0.159448,0.060159
-0.125361,0.148923,0.060151
-0.139490,0.121520,0.060170
-0.132336,0.092884,0.060149
-0.110424,0.076139,0.060157
-0.085858,0.075641,0.060175
-0.066494,0.086842,0.060174
-0.055710,0.105647,0.060167
-0.055866,0.125808,0.060162
-0.062733,0.144588,0.060653
-0.100834,0.159548,0.060156
-0.133499,0.139337,0.060165
-0.137721,0.103902,0.060151
-0.115693,0.078450,0.060154
-0.085302,0.075843,0.060175
-0.063188,0.091647,0.060172
-0.054060,0.114305,0.060165
-0.058488,0.135341,0.060160
-0.071021,0.150097,0.060159
-0.087274,0.158649,0.060160
-0.104552,0.159235,0.060155
-0.119345,0.153349,0.060152
-0.134089,0.141414,0.060911
-0.133856,0.095220,0.060149
-0.101752,0.074760,0.060164
-0.069841,0.083765,0.060175
-0.055730,0.108882,0.060166
-0.058131,0.134630,0.060161
-0.073869,0.152839,0.060159
-0.095315,0.159381,0.060158
-0.116172,0.155121,0.060152
-0.131322,0.141846,0.060165
-0.139023,0.124608,0.060169
-0.138150,0.106489,0.060152
-0.130220,0.088850,0.060477
-0.098285,0.074167,0.060166
-0.068959,0.084434,0.060175
-0.056565,0.108283,0.060167
-0.057408,0.133073,0.060161
-0.071371,0.151095,0.060159
-0.091081,0.159209,0.060159
-0.113566,0.156940,0.060443
-0.136895,0.131861,0.060168
-0.137854,0.103948,0.060150
-0.121983,0.082170,0.060152
-0.098532,0.074413,0.060166
-0.076901,0.079297,0.060177
-0.060074,0.093922,0.060531
-0.060207,0.132367,0.060161
-0.081265,0.155233,0.060160
-0.106595,0.158347,0.060155
-0.126445,0.147696,0.060151
-0.137262,0.130203,0.060168
-0.139311,0.111198,0.060168
-0.129498,0.088758,0.060217
-0.098999,0.074124,0.060165
-0.070148,0.083568,0.060173
-0.057123,0.106368,0.060167
-0.056928,0.130457,0.060161
-0.068304,0.148576,0.060159
-0.086963,0.158815,0.060269
-0.124858,0.149091,0.060151
-0.139096,0.109033,0.060167
-0.115674,0.078405,0.060155
-0.081480,0.077500,0.060176
-0.058707,0.097992,0.060169
-0.055507,0.126900,0.060162
-0.070285,0.149899,0.060159
-0.093679,0.159463,0.060158
-0.117221,0.154408,0.060152
-0.133593,0.139135,0.060167
-0.139693,0.119326,0.060171
-0.136189,0.099761,0.060150
-0.124135,0.084102,0.060151
-0.107759,0.075499,0.060160
-0.090791,0.074582,0.060172
-0.076305,0.079978,0.060177
-0.059893,0.096759,0.060169
-0.058497,0.135212,0.060160
-0.083333,0.157224,0.060160
-0.112240,0.155896,0.060153
-0.132176,0.140193,0.060164
-0.139913,0.118759,0.060171
-0.135018,0.097070,0.060149
-0.120279,0.080910,0.060152
-0.100940,0.074586,0.060164
-0.080497,0.076990,0.060376
-0.055830,0.105881,0.060167
-0.060538,0.139258,0.060160
-0.084404,0.157577,0.060160
-0.110869,0.156524,0.060154
-0.130911,0.142979,0.060161
-0.139552,0.121869,0.060170
-0.136360,0.100036,0.060150
-0.122670,0.082967,0.060152
-0.104119,0.075047,0.060162
-0.077935,0.078621,0.060177
-0.057961,0.099688,0.060169
-0.055637,0.127290,0.060162
-0.069718,0.149550,0.060159
-0.091953,0.158940,0.060159
-0.114662,0.155814,0.060153
-0.134684,0.137536,0.060166
-0.139712,0.112710,0.060169
-0.124597,0.084200,0.060151
-0.093514,0.074259,0.060170
-0.067064,0.086393,0.060174
-0.054892,0.110636,0.060166
-0.059372,0.136750,0.060160
-0.076509,0.154356,0.060160
-0.098412,0.159177,0.060157
-0.117562,0.153733,0.060151
-0.134198,0.136880,0.060166
-0.136911,0.104171,0.060150
-0.119896,0.080594,0.060153
-0.094581,0.074166,0.060169
-0.072257,0.082136,0.060176
-0.058083,0.099021,0.060169
-0.053888,0.119544,0.060196
-0.073061,0.150024,0.060160
-0.103378,0.158141,0.060156
-0.126961,0.147452,0.060151
-0.138795,0.127252,0.060168
-0.136709,0.100648,0.060150
-0.123895,0.083676,0.060152
-0.095320,0.074049,0.060168
-0.064333,0.090492,0.060172
-0.054608,0.120637,0.060163
-0.068036,0.146849,0.060160
-0.091505,0.159209,0.060159
-0.116181,0.155096,0.060152
-0.133644,0.138992,0.060167
-0.139997,0.118316,0.060172
-0.135407,0.097570,0.060150
-0.121562,0.081977,0.060152
-0.103436,0.074399,0.060243
-0.079146,0.075245,0.061255
-0.055829,0.105591,0.060173
-0.061204,0.140385,0.060160
-0.084775,0.157496,0.060160
-0.111774,0.157070,0.060153
-0.132038,0.141477,0.060165
-0.140021,0.118896,0.060171
-0.134685,0.096219,0.060149
-0.131417,0.091298,0.060149
-0.109083,0.075653,0.060158
-0.089320,0.074755,0.060173
-0.066485,0.086970,0.060174
-0.054905,0.125472,0.060162
-0.079014,0.155633,0.060160
-0.110745,0.157573,0.060160
-0.133422,0.139684,0.060166
-0.139879,0.113267,0.060174
-0.129460,0.088597,0.060150
-0.108330,0.075520,0.060159
-0.086059,0.075580,0.060175
-0.068626,0.085480,0.060174
-0.057591,0.100691,0.060169
-0.054627,0.119035,0.060163
-0.059272,0.136660,0.060205
-0.078476,0.155468,0.060160
-0.107644,0.158330,0.060154
-0.131705,0.141693,0.060163
-0.140083,0.116210,0.060173
-0.131784,0.091707,0.060149
-0.112408,0.076806,0.060157
-0.090506,0.074070,0.060375
-0.061604,0.093339,0.060171
-0.055514,0.126100,0.060162
-0.072637,0.151734,0.060159
-0.099854,0.159650,0.060156
-0.123535,0.150230,0.060151
-0.137272,0.131271,0.060168
-0.139292,0.109742,0.060167
-0.130318,0.089761,0.060150
-0.113741,0.077396,0.060156
-0.087100,0.075704,0.060175
-0.061782,0.092869,0.060171
-0.054866,0.120831,0.060163
-0.065559,0.144754,0.060160
-0.085945,0.157866,0.060161
-0.108682,0.158048,0.060154
-0.127621,0.148552,0.060674
-0.139804,0.112746,0.060175
-0.117500,0.079068,0.060154
-0.083523,0.076832,0.060175
-0.060336,0.096449,0.060170
-0.055255,0.124744,0.060162
-0.069257,0.148567,0.060159
-0.092322,0.158940,0.060159
-0.114941,0.155500,0.060153
-0.131365,0.142115,0.060164
-0.139278,0.124077,0.060170
-0.138073,0.105435,0.060151
-0.129261,0.088289,0.060150
-0.114440,0.077684,0.060156
-0.084016,0.076179,0.060175
-0.056723,0.103229,0.060168
-0.060952,0.139535,0.060160
-0.088371,0.158653,0.060160
-0.117899,0.154280,0.060152
-0.136356,0.133898,0.060167
-0.139159,0.109107,0.060166
-0.128466,0.087305,0.060150
-0.109096,0.075585,0.060159
-0.088545,0.074703,0.060174
-0.071523,0.082403,0.060176
-0.060161,0.095525,0.060171
-0.054779,0.111903,0.060165
-0.061417,0.139083,0.060160
-0.085372,0.157336,0.060161
-0.112667,0.156701,0.060153
-0.133046,0.140277,0.060166
-0.140114,0.116859,0.060172
-0.133409,0.093754,0.060149
-0.116173,0.078404,0.060155
-0.091052,0.073517,0.060572
-0.056436,0.104975,0.060167
-0.063251,0.142578,0.060160
-0.093548,0.159324,0.060159
-0.124053,0.150304,0.060151
-0.138359,0.127171,0.060169
-0.137689,0.102741,0.060149
-0.123564,0.083396,0.060152
-0.103487,0.074977,0.060163
-0.086129,0.075538,0.060175
-0.069996,0.083972,0.060175
-0.059251,0.097275,0.060170
-0.054698,0.113596,0.060165
-0.055539,0.131831,0.060738
-0.086190,0.157955,0.060161
-0.120921,0.152570,0.060152
-0.139162,0.126056,0.060169
-0.134849,0.096207,0.060149
-0.113566,0.077216,0.060156
-0.087516,0.074929,0.060173
-0.067165,0.086493,0.060174
-0.056475,0.105101,0.060167
-0.055484,0.125194,0.060162
-0.063586,0.142420,0.060160
-0.076592,0.154209,0.060159
-0.105365,0.158642,0.060154
-0.132173,0.141500,0.060164
-0.140036,0.113409,0.060174
-0.128752,0.087516,0.060150
-0.105717,0.075193,0.060160
-0.082530,0.077086,0.060176
-0.065034,0.089158,0.060173
-0.055653,0.107489,0.060166
-0.059355,0.136026,0.060160
-0.083702,0.156973,0.060160
-0.112464,0.156821,0.060153
-0.133238,0.139737,0.060166
-0.140254,0.116414,0.060173
-0.133442,0.093658,0.060149
-0.116444,0.078464,0.060155
-0.094090,0.073811,0.060170
-0.064064,0.091436,0.060172
-0.055960,0.121339,0.060163
-0.066299,0.145316,0.060160
-0.086989,0.158104,0.060160
-0.109887,0.157708,0.060154
-0.128076,0.145900,0.060151
-0.140269,0.128731,0.060926
-0.127845,0.087156,0.060150
-0.088756,0.074716,0.060174
-0.061004,0.095243,0.060171
-0.055488,0.124946,0.060162
-0.069454,0.148739,0.060159
-0.092472,0.158979,0.060159
-0.115775,0.155312,0.060153
-0.132593,0.140515,0.060166
-0.139925,0.121176,0.060169
-0.137210,0.101295,0.060150
-0.125516,0.084905,0.060151
-0.109174,0.075562,0.060159
-0.092220,0.074308,0.060171
-0.063621,0.090473,0.060172
-0.055621,0.125723,0.060162
-0.074989,0.152959,0.060159
-0.104227,0.158845,0.060155
-0.128745,0.145776,0.060150
-0.139781,0.122333,0.060170
-0.135819,0.097883,0.060150
-0.119564,0.080137,0.060153
-0.098406,0.074195,0.060166
-0.079178,0.078483,0.060176
-0.064925,0.089811,0.060173
-0.055121,0.106018,0.060549
-0.059405,0.136179,0.060160
-0.077890,0.154837,0.060160
-0.101930,0.159249,0.060156
-0.132154,0.140736,0.060156
-0.136219,0.098732,0.060150
-0.105968,0.075135,0.060161
-0.072595,0.081929,0.060176
-0.055726,0.107344,0.060166
-0.059498,0.136355,0.060160
-0.078622,0.155261,0.060160
-0.102973,0.158908,0.060156
-0.124044,0.149944,0.060151
-0.136941,0.132708,0.060167
-0.140085,0.112996,0.060170
-0.133838,0.094062,0.060149
-0.120215,0.080496,0.060153
-0.103603,0.074908,0.060163
-0.087565,0.074936,0.060175
-0.069074,0.085113,0.060175
-0.055047,0.111219,0.060165
-0.060081,0.137435,0.060160
-0.077813,0.154551,0.060160
-0.098182,0.162024,0.061220
-0.135054,0.137397,0.060166
-0.135857,0.097713,0.060150
-0.107832,0.075340,0.060160
-0.076256,0.079533,0.060177
-0.057765,0.101582,0.060168
-0.056180,0.127776,0.060162
-0.069771,0.148618,0.060159
-0.090559,0.158955,0.060160
-0.112581,0.156726,0.060153
-0.129590,0.145058,0.060150
-0.138881,0.127900,0.060168
-0.139538,0.109590,0.060167
-0.132310,0.091886,0.060149
-0.118732,0.079495,0.060154
-0.091977,0.074326,0.060172
-0.068592,0.084912,0.060175
-0.055606,0.106699,0.060337
-0.059357,0.135718,0.060160
-0.081311,0.156204,0.060160
-0.108122,0.157919,0.060154
-0.128448,0.146030,0.060150
-0.139384,0.126523,0.060169
-0.134167,0.094540,0.060149
-0.111712,0.076239,0.060157
-0.085993,0.075648,0.060175
-0.067733,0.088019,0.060174
-0.055315,0.106042,0.060551
-0.059196,0.134500,0.060161
-0.074678,0.153482,0.060393
-0.119599,0.153422,0.060152
-0.140117,0.121198,0.060171
-0.128651,0.087190,0.060150
-0.097877,0.073898,0.060167
-0.069619,0.084187,0.060175
-0.056254,0.107601,0.060166
-0.057377,0.131615,0.060161
-0.069934,0.149197,0.060159
-0.087420,0.158132,0.060161
-0.105871,0.158557,0.060155
-0.122271,0.151655,0.060151
-0.134005,0.139283,0.060167
-0.139723,0.124076,0.060169
-0.134444,0.094905,0.060149
-0.107058,0.075071,0.060160
-0.077385,0.079156,0.060177
-0.058524,0.098708,0.060169
-0.055640,0.122296,0.060163
-0.063648,0.142209,0.060160
-0.078301,0.154701,0.060160
-0.102880,0.158614,0.060156
-0.129483,0.144952,0.060150
-0.140255,0.120039,0.060171
-0.134274,0.094558,0.060149
-0.115761,0.078009,0.060155
-0.093549,0.074153,0.060170
-0.062138,0.092848,0.060171
-0.058790,0.134574,0.060160
-0.086896,0.158063,0.060161
-0.119051,0.153643,0.060152
-0.137851,0.131021,0.060168
-0.138239,0.103629,0.060151
-0.122747,0.082097,0.060152
-0.099468,0.074258,0.060166
-0.077748,0.078782,0.060177
-0.062570,0.092952,0.060171
-0.056075,0.110455,0.060166
-0.056499,0.128396,0.060161
-0.064869,0.143600,0.060160
-0.077330,0.154402,0.060160
-0.104979,0.158815,0.060155
-0.132590,0.141274,0.060164
-0.140196,0.112670,0.060170
-0.128272,0.086769,0.060150
-0.105059,0.075003,0.060162
-0.081922,0.077336,0.060176
-0.064859,0.090033,0.060172
-0.056090,0.107699,0.060166
-0.062721,0.136491,0.060160
-0.091514,0.158953,0.060159
-0.120323,0.153038,0.060152
-0.137294,0.132319,0.060167
-0.139587,0.108293,0.060166
-0.128714,0.087101,0.060150
-0.109798,0.075522,0.060159
-0.089811,0.074483,0.060173
-0.068971,0.085882,0.060174
-0.055466,0.109970,0.060166
-0.058385,0.133562,0.060161
-0.082812,0.156686,0.060160
-0.118099,0.153472,0.060152
-0.138629,0.129232,0.060168
-0.136677,0.099398,0.060150
-0.117428,0.078699,0.060154
-0.092222,0.074262,0.060171
-0.071094,0.083064,0.060175
-0.058214,0.099935,0.060169
-0.055027,0.119227,0.060163
-0.060652,0.137034,0.060160
-0.074073,0.153636,0.060686
-0.115066,0.155653,0.060152
-0.138979,0.128042,0.060168
-0.134259,0.094360,0.060148
-0.108998,0.075385,0.060159
-0.081122,0.077654,0.060176
-0.061613,0.094044,0.060171
-0.055089,0.117285,0.060164
-0.061298,0.138766,0.060160
-0.075770,0.153162,0.060160